486 777
401 104
285 142
346 358
482 314
375 239
375 343
16 248
71 114
298 283
262 199
151 267
241 409
105 419
48 59
80 226
293 18
96 462
425 441
230 437
451 117
386 126
484 205
288 317
10 56
191 346
473 20
51 202
97 39
33 418
32 293
360 87
15 206
10 443
383 29
125 251
436 412
254 341
345 424
44 353
141 191
449 134
57 463
460 118
65 140
86 139
48 253
13 460
236 439
263 23
442 345
296 134
416 406
63 141
28 441
410 37
30 432
15 411
468 225
243 94
399 433
482 401
18 440
83 13
97 235
134 472
174 243
78 113
157 263
227 225
280 228
198 72
337 336
92 188
225 127
258 186
229 342
376 48
129 374
350 101
39 144
58 3
244 22
464 67
94 126
451 308
166 237
155 111
312 264
70 128
336 5
375 369
396 245
434 1
196 389
22 189
274 283
173 270
397 162
413 275
372 195
212 147
400 478
101 476
305 221
287 38
188 233
307 112
483 90
403 255
300 455
90 72
35 191
123 205
293 441
256 440
141 372
148 253
149 115
50 362
433 329
167 199
402 51
240 186
327 13
13 23
298 178
283 291
472 438
79 466
59 199
372 386
413 261
329 76
300 374
416 195
41 277
362 316
406 151
199 164
96 132
16 244
370 184
449 53
434 321
133 292
13 76
435 197
307 288
42 229
473 177
480 322
112 17
49 8
437 223
332 435
288 135
175 441
268 117
144 209
478 92
77 165
178 423
165 85
448 95
291 473
273 229
486 301
164 175
195 57
95 437
211 470
274 310
100 199
347 82
148 277
392 59
316 477
73 384
242 235
202 484
396 67
110 460
234 22
383 181
292 464
279 36
371 276
33 103
73 117
46 171
124 312
423 232
192 74
455 274
213 198
370 164
11 128
325 7
206 397
182 139
368 172
482 50
420 120
7 121
17 370
453 248
195 423
46 397
69 423
176 44
27 263
417 179
433 19
323 298
108 245
200 209
154 258
112 41
365 114
351 390
43 204
343 163
266 3
373 322
162 474
168 382
32 365
346 101
379 475
264 22
455 96
230 253
480 461
16 31
130 421
296 98
241 176
5 24
284 237
82 449
385 342
19 26
4 412
75 114
209 197
9 215
424 49
393 395
418 18
55 238
315 286
96 281
137 329
125 337
396 136
461 305
13 333
65 188
45 440
474 446
131 304
377 372
154 47
95 50
345 304
203 236
111 256
336 297
341 72
196 482
379 297
359 368
174 384
482 468
450 464
385 273
333 88
224 313
109 12
118 482
135 380
11 1
154 298
265 174
133 392
311 32
484 116
266 335
456 420
118 453
459 344
436 67
364 4
470 469
107 480
323 99
124 473
186 44
228 165
435 486
24 242
342 272
244 218
104 239
356 276
85 191
120 477
337 427
167 9
147 140
307 90
207 483
293 29
378 303
442 2
197 328
227 21
352 462
151 103
126 18
470 467
305 206
238 342
331 196
92 176
346 207
283 175
10 418
115 423
12 75
203 5
276 236
316 245
386 187
331 16
427 82
122 166
401 303
130 234
375 352
115 286
273 6
433 171
97 66
224 366
368 31
142 289
196 448
405 369
194 201
338 401
387 408
427 272
188 206
356 428
120 262
134 236
16 383
26 54
189 399
126 365
281 401
182 389
371 80
28 396
202 54
125 73
276 395
465 63
228 38
134 72
182 100
439 191
340 152
320 413
338 12
151 75
26 363
18 38
14 306
304 91
335 258
179 479
209 61
412 260
438 458
263 383
387 450
475 433
204 356
440 473
45 313
349 392
375 127
198 206
110 253
426 47
76 407
276 227
221 320
375 300
203 53
480 66
81 257
358 269
280 14
162 62
377 278
375 187
286 419
30 300
394 59
368 178
410 154
71 107
309 302
409 261
168 125
328 189
475 49
454 447
162 338
339 310
236 200
51 396
438 39
271 44
346 412
447 407
437 350
140 355
178 459
405 393
138 441
262 95
351 108
271 37
73 385
120 229
226 426
207 196
179 106
201 202
377 409
92 146
178 355
278 262
213 105
286 202
248 223
400 232
345 128
149 444
440 343
235 451
199 65
303 467
270 269
303 226
134 55
198 482
212 239
425 68
154 383
421 327
174 96
398 411
296 120
366 369
135 184
414 108
266 323
192 476
419 485
63 78
442 159
239 479
316 401
131 219
177 469
339 327
182 188
377 265
424 449
407 419
109 447
201 174
423 440
393 82
225 29
176 289
127 483
305 136
206 245
10 202
84 341
368 253
182 193
72 97
170 273
151 272
65 218
60 26
391 8
398 408
156 360
235 143
89 9
400 136
132 56
304 389
280 383
264 281
360 343
317 191
286 404
214 220
314 435
154 207
285 199
227 123
377 1
17 87
370 407
30 170
187 40
481 447
386 125
462 284
316 296
467 392
183 318
302 116
40 75
291 330
279 83
377 380
483 299
196 70
234 344
130 186
383 447
125 366
288 195
62 263
52 42
140 117
226 306
93 150
216 112
255 70
177 104
79 438
194 304
96 84
384 67
241 51
222 195
402 327
269 294
224 475
184 249
182 360
206 86
299 208
405 460
299 471
48 63
277 170
252 75
350 386
331 434
435 98
23 132
31 13
388 40
361 52
330 312
38 159
249 119
219 302
295 187
36 470
355 366
235 398
198 362
392 454
186 404
286 430
301 244
419 476
335 145
210 124
304 449
104 49
321 90
320 289
111 143
34 244
88 293
32 51
462 84
196 371
45 311
385 380
90 165
40 455
138 265
471 131
180 300
138 425
164 83
216 285
200 333
145 160
446 8
72 336
344 369
202 411
269 125
62 361
212 200
202 134
148 30
428 53
359 253
289 57
194 160
127 459
474 390
279 425
312 7
335 80
170 380
137 67
154 218
295 16
436 150
384 96
212 312
49 483
116 472
145 59
329 369
467 265
410 6
116 52
292 212
80 314
107 236
271 484
162 450
373 422
300 81
192 143
237 293
390 47
305 337
448 74
115 398
105 254
167 104
85 118
211 317
15 455
167 109
438 213
45 466
338 74
436 244
449 43
67 338
376 462
465 142
406 392
108 471
367 338
387 433
288 3
124 460
1 82
380 17
156 162
352 154
278 181
337 304
164 447
380 161
107 265
76 214
232 281
426 393
18 344
234 26
35 458
250 336
280 293
249 84
421 45
416 25
147 388
421 349
270 359
183 35
91 325
318 229
62 249
289 169
477 300
420 476
126 282
207 70
269 97
100 27
190 332
315 207
210 165
314 206
254 422
192 459
486 22
135 36
351 189
93 485
439 86
470 224
42 8
282 334
326 360
42 138
256 313
291 376
195 46
363 283
206 149
473 186
116 385
317 296
4 45
353 282
463 51
448 187
70 426
399 39
377 401
34 417
348 96
368 255
370 474
350 135
274 424
36 305
360 349
121 65
135 161
249 70
315 317
398 162
71 222
392 374
264 361
14 5
254 187
484 391
433 207
374 142
236 313
31 365
141 212
447 386
310 441
197 280
243 299
211 478
300 14
218 354
83 7
