190 503
175 172
54 174
173 134
121 3
77 153
37 62
121 58
174 39
114 156
58 102
123 102
129 18
99 23
91 144
54 48
29 22
42 186
82 168
128 182
167 145
11 153
113 155
183 124
188 49
180 32
50 55
150 136
104 189
190 25
5 162
165 156
25 175
19 162
34 108
150 23
65 101
50 87
98 54
155 104
83 166
27 91
12 98
92 146
77 33
14 21
1 51
138 48
178 18
150 66
161 188
60 105
79 140
72 14
140 23
118 105
12 29
185 90
189 119
177 27
123 117
182 183
49 119
125 158
15 3
98 43
15 17
126 120
185 165
94 134
115 33
87 55
131 69
46 53
174 93
133 134
106 76
2 80
149 77
53 93
16 160
148 175
15 26
19 166
56 37
119 129
150 29
64 165
104 176
78 46
189 158
139 172
182 143
9 79
162 103
171 101
80 136
89 114
75 60
16 128
132 86
12 113
131 29
30 187
154 65
189 169
98 161
35 149
19 115
69 156
11 7
128 148
125 40
117 104
65 115
179 62
48 124
98 145
130 154
11 124
19 184
123 138
133 183
127 41
4 183
134 111
53 155
3 47
146 149
157 171
186 149
130 180
58 100
171 71
47 118
61 116
72 132
93 45
69 190
167 149
131 189
153 178
91 130
34 176
64 178
57 153
128 139
32 80
146 8
19 93
9 55
82 36
165 60
170 164
134 8
87 76
68 79
80 166
87 169
188 129
116 79
172 143
13 54
164 68
56 74
154 70
10 78
59 108
32 95
81 23
160 182
27 67
149 109
104 84
168 174
48 185
20 53
154 53
125 183
160 37
44 115
93 130
152 128
152 21
28 60
89 6
39 176
65 42
188 38
31 110
190 50
174 31
6 127
105 81
84 189
61 122
38 126
167 134
27 188
168 13
160 156
120 23
64 28
176 58
109 80
164 51
171 125
101 61
151 182
96 40
66 116
80 113
70 161
32 127
184 171
25 170
92 150
96 94
21 93
95 35
85 158
54 99
136 84
32 155
83 175
164 54
49 51
3 60
149 171
147 159
21 4
38 46
14 12
172 43
168 90
11 135
31 152
143 78
187 112
95 37
164 163
112 40
17 10
83 149
112 80
89 102
66 40
46 35
1 83
6 41
63 3
88 117
82 80
36 144
153 159
1 149
102 10
14 128
129 140
23 91
76 97
165 77
109 87
171 74
67 140
53 102
97 93
166 8
174 121
56 133
167 174
114 135
78 189
92 101
51 134
4 72
91 15
79 30
18 103
98 176
137 138
169 168
189 140
4 29
93 120
43 60
125 65
103 6
38 33
99 20
64 183
98 94
83 16
104 36
133 149
85 126
60 107
3 61
122 46
168 93
159 26
116 134
189 190
34 136
168 8
101 112
117 86
86 177
170 84
183 128
116 161
108 177
156 100
83 118
166 124
8 63
77 161
49 102
56 138
2 147
26 115
122 65
97 151
162 74
186 65
83 9
131 10
156 88
170 80
82 68
79 41
67 138
43 156
64 95
167 162
136 15
167 142
99 59
5 102
180 167
151 14
155 190
19 147
147 176
55 176
54 30
87 36
183 167
190 187
183 101
12 50
12 66
121 9
119 76
165 102
151 150
57 72
76 73
68 81
155 184
181 141
134 186
40 38
75 170
176 82
103 72
135 56
40 135
157 33
75 122
143 186
158 3
1 58
57 143
149 68
172 122
90 116
12 112
174 175
113 88
161 100
5 31
25 94
181 92
92 182
126 96
134 6
79 52
98 31
168 78
152 56
187 94
185 93
22 43
33 43
120 182
78 154
148 187
20 72
61 93
101 86
70 129
111 39
126 111
182 103
159 87
156 105
109 75
34 178
125 160
33 168
101 176
38 34
11 52
44 33
46 113
140 162
149 106
177 116
166 174
1 77
121 81
92 98
113 93
131 105
42 135
154 104
167 179
116 165
85 122
34 132
175 98
70 172
101 1
172 48
180 80
92 3
64 32
188 139
151 91
176 149
86 78
162 119
119 28
65 26
133 106
105 27
106 82
78 111
74 103
118 8
172 12
150 2
2 172
64 96
58 38
14 23
40 33
81 130
141 53
100 90
5 131
165 17
146 54
8 46
3 183
164 19
106 100
100 174
93 124
86 89
159 27
180 104
142 24
60 22
161 24
85 123
95 164
62 16
176 52
132 122
87 138
178 150
164 154
111 65
27 154
67 131
82 170
53 125
158 162
111 69
36 57
174 44
157 9
17 11
166 61
172 154
56 146
88 140
165 8
38 151
174 24
123 180
112 51
