26590 5278
7502 15774
14335 22428
10874 17139
5051 10876
988 13313
1877 6509
2877 6273
1073 21767
11813 520
6083 1919
13892 12854
24336 2590
4402 3353
23246 3825
10928 16176
23018 4801
22553 22439
19627 11077
19575 4110
3419 1431
26062 24164
351 10469
7393 1431
2482 20841
17491 1929
2378 4029
17164 5809
1013 22437
19934 137
11510 3351
25704 16263
2692 5852
5435 11753
25324 22381
19772 2062
70 25924
13898 18538
13028 16276
322 8665
11010 15159
3742 3157
21224 15335
2945 1859
13933 3506
13657 22319
954 2762
2080 8482
2384 14551
11517 22411
21837 1179
7058 5822
23018 4749
663 605
15177 22241
9153 14933
10862 5243
9961 2455
2477 22221
10346 22933
5504 1871
1739 11060
12450 814
13214 10920
733 13466
2983 12214
12883 24274
4707 19296
6958 6644
1056 6176
1558 19510
21646 16272
3581 8886
19426 9299
13719 11956
1680 6034
13366 25342
11642 23231
14646 1451
22699 9922
22188 558
12673 21905
15496 1760
17 18945
20761 15559
10183 2524
13012 24826
22349 15923
1873 24632
2000 3573
15254 3588
26300 1729
6552 3119
10415 2041
22271 13806
15630 25624
298 23831
13011 11333
661 8459
6090 23080
5334 6127
5980 19452
5386 14996
23495 18149
19672 2758
12439 2982
21519 8996
23988 2249
16557 20802
2993 6409
4006 21307
4787 13649
4669 13730
14308 23289
26268 19900
51 24444
4870 9196
20382 20103
13376 25198
26052 1649
10361 7240
16611 24104
907 126
21568 852
6270 19846
5612 14360
15437 6395
5916 2359
9709 16278
5407 19670
3980 4441
19477 16806
5433 3597
2621 23972
19454 17903
19724 19737
2141 12967
26331 6920
657 7289
1834 24583
1041 24511
14912 21326
4869 9879
3090 2608
19523 763
21094 12548
4076 21580
25144 1135
6127 18201
13405 2428
19405 13951
15718 6156
1609 4041
5353 15181
15785 20861
1849 3212
23152 8919
4188 7378
15565 6039
14241 5858
2374 19284
7271 4812
26078 25339
5510 20250
13463 5144
26439 9782
22324 424
13979 10090
24643 6551
2321 5150
21851 24050
14644 4781
26275 21940
25446 2765
16275 2815
913 16953
21759 6383
21320 24816
21585 1522
11361 23988
6166 5552
20547 19451
17852 4238
3188 100
4283 23033
17818 16036
7728 25665
21988 8107
26544 23360
10918 22374
3296 5276
25923 23228
7028 12179
848 24319
2508 2353
20982 4037
5014 16583
12440 22259
8939 24730
26294 828
23857 5882
4370 6151
8367 754
563 3511
4257 14945
2437 198
469 19379
14054 19218
15535 3878
19656 13311
8305 11656
9453 24818
3001 24203
23952 26437
11852 886
16684 23705
10257 23066
5567 16750
6497 23560
22146 4627
2174 7681
22247 18708
16480 17326
17953 484
3256 23441
25592 25368
3921 14140
12300 20709
528 5057
16497 24858
23396 9833
959 1418
26435 25001
18820 8193
4334 1617
20481 11878
623 21767
3704 13945
15848 3094
19642 2556
21397 23741
4392 13168
16490 26293
21020 25414
11035 16721
22148 1211
20925 2814
2512 21039
7375 12139
18191 23786
25466 7188
24404 6300
17688 21083
24415 4893
15348 14317
22649 4507
19792 5811
12448 12338
4815 24667
15844 8124
22598 1092
12561 3597
1280 3671
5006 17301
16059 330
23685 25934
12787 13239
24900 16956
7142 11493
9444 1353
12300 20225
19240 23504
10737 20724
12967 10372
22653 11414
4688 4592
1691 15646
3458 11575
15439 8670
21663 5732
14097 14637
1072 634
2271 18340
1689 14574
26048 8077
20046 5824
17336 23704
23181 20256
3454 2000
7047 12174
16484 14286
25024 18826
24251 300
23736 1702
921 19261
1261 17119
25561 23803
19542 24877
24674 13889
21531 3673
3501 2363
24295 9743
21633 60
4210 1622
4097 4910
902 7289
19689 21099
9059 23089
3605 10548
13411 14944
14915 11196
20442 22036
5913 5790
22336 760
3468 16888
8850 22566
2775 1273
1559 3423
3088 23791
19101 16307
15745 9872
5869 2669
19605 12501
16863 23437
21901 18975
23975 17548
3029 24769
17811 136
5851 13309
23350 19679
22619 4400
7877 12284
2 2411
9921 8817
26504 2687
15062 20038
5639 10820
5636 22673
16878 918
5116 361
558 7379
19917 25938
22487 984
481 3812
7462 9984
8831 10
26047 11856
18813 13188
13367 24953
18579 4052
10453 9267
26343 10389
3482 18960
21778 10766
25470 5843
17538 8967
21757 5723
3612 8411
12754 12802
11302 20943
22531 1423
2917 8610
11805 1986
4004 1126
4801 11343
9907 25486
25951 16753
10391 24903
3138 1534
15457 26124
7117 19186
21048 11380
772 1883
15326 16207
24910 5423
20624 7666
410 2450
2094 4849
3616 2063
20892 18505
12934 25780
10344 1990
5840 23970
11693 3845
1577 8592
18487 14258
2401 5280
4071 11575
13642 5308
2137 19670
25041 4705
1767 19444
26512 4337
7971 6328
13801 7481
21651 10453
13967 16782
18683 10916
2632 22575
4116 19574
754 5396
2269 3624
5862 1060
9303 20728
2263 14248
14551 6550
25317 15104
2734 14463
23632 7572
686 19590
6758 10766
20782 21427
13795 7623
6068 15953
20919 3232
23854 14403
3850 7248
8859 7319
638 9700
2640 18270
3764 17639
9886 14778
18449 13496
7087 17464
17858 21860
6321 11104
1021 5332
1112 4781
15242 4199
14299 4375
21123 23033
1832 3381
19032 12076
19896 23079
20245 620
4250 17425
19432 19807
16118 1384
10462 16591
5654 21449
5613 583
1019 3695
1847 16371
7796 21252
18061 3092
24760 21687
15922 5127
3020 10639
24802 435
22142 511
21267 9661
23036 5852
14715 1530
809 6344
20690 7341
292 20442
13017 4646
14926 4827
1213 2549
13485 5831
18931 22452
23955 4032
4720 4623
3228 95
2772 2917
7475 4936
12544 4260
23872 13057
17526 18334
2174 21508
16247 476
24839 9490
3761 5866
1656 6603
12466 21725
20396 892
11460 3701
3507 11320
8287 10107
12129 10282
5072 4276
5664 20777
16226 18281
25900 8333
19936 3893
4190 23361
10325 11615
11620 17434
12054 18041
1594 18535
1026 3993
25656 23242
18953 10012
25697 2152
5645 2994
7719 21400
19522 14590
18829 17099
2243 19059
4233 2823
10945 5576
4012 5802
2836 20738
18948 8601
7798 4831
5186 2009
19221 19466
15128 25177
2283 21649
263 26130
5244 23068
3732 14674
6162 4277
21441 13141
19370 5708
21022 14870
9249 22489
8214 12900
15064 8717
1746 13880
4826 12701
16053 1350
7795 10495
2359 25554
25612 1502
13959 23493
6553 4641
8816 5120
26440 1847
25862 12784
4802 10998
2263 4485
3883 1718
3778 7834
20367 20966
10030 5825
1541 3328
16349 12761
19106 18620
3865 11485
23258 1447
5297 25479
3821 5929
20354 8778
7658 22740
16802 4548
15404 5473
1812 6293
21632 5925
21751 3954
13469 3609
21318 5015
5631 21200
26112 17079
20524 18859
4486 3873
60 2806
5734 21375
18840 12444
24467 9942
5122 1361
16862 538
760 1389
1028 887
24975 14862
6176 5430
8588 1958
9922 12643
1301 1302
4967 12555
25497 11827
22921 24647
2907 16529
4847 17878
25483 2530
2189 113
5527 18582
20994 5557
5414 14312
10829 18763
14141 17497
12575 9129
484 25693
10601 10512
16683 374
15962 14843
1425 23739
15306 4632
18138 15780
9688 6323
18985 12899
3060 12635
25266 651
2680 13346
5575 1339
4279 3614
25234 12014
7586 857
3405 19843
14082 1863
17484 4602
2370 24239
2616 8109
4401 14807
550 3351
13895 1633
14076 7560
12176 20642
12122 14104
14114 10344
6874 24934
8714 6519
25750 5813
3791 24651
20203 161
6008 5193
5279 3210
18947 25680
2683 9584
9761 402
8229 5484
22404 11426
6027 8887
15724 6349
9111 3621
18605 6574
5965 13624
7437 20221
12882 15511
25070 17064
5803 16059
1581 11557
19400 21228
4971 21510
2787 108
11208 14030
4063 2580
12502 5669
3422 5499
2864 24708
23409 21402
25408 2879
20871 1306
5257 5721
13517 1402
2118 3769
2036 15774
9038 21088
2100 13132
19259 4890
5043 9993
18123 17203
13405 365
5545 20618
1568 19671
23202 622
26353 3969
22307 25565
23567 2350
1897 23346
18703 4714
1824 3137
4685 13968
643 8355
5099 22384
5153 625
4467 3025
2036 5226
25766 24263
3293 22113
17138 5271
16779 23860
18974 3420
2206 24341
5519 3550
46 3377
16417 18407
4070 22478
22846 24313
9106 14486
25744 9536
17475 3924
21743 9414
21513 7195
996 18662
16929 1453
18882 15363
10674 21374
5411 19834
2075 7149
12330 3062
3491 8190
24330 16193
1914 2439
13391 20546
23108 16096
3250 9893
24040 15050
6798 23734
25555 20462
2234 8884
5274 6297
3097 3714
20705 19443
962 5023
6523 5518
8909 14168
17107 2880
24274 21820
4012 13614
12041 2001
20065 23594
20946 2437
3964 4671
761 8679
17434 10633
1719 2873
3986 3402
26392 15227
18654 12603
3623 24500
9581 2848
14302 20689
15971 19103
1188 8898
7483 17234
2291 26383
5075 15643
5724 8138
15071 7864
595 24258
21926 9879
17499 25849
21071 9707
5327 22104
3988 2593
2138 21922
18455 6124
1510 7335
2844 24005
10529 25786
25047 6171
13718 13156
12795 4700
20536 24410
26304 17757
20872 25005
19774 18622
9492 18241
4122 196
16958 22144
5733 231
8767 15695
18881 15029
22380 23361
1990 18519
10679 5165
17060 4938
23672 5689
5385 4244
366 25119
19781 12119
5410 23825
13228 5542
8137 3287
4155 8087
4470 5979
13183 21658
18468 677
1715 18185
11000 12553
26409 4608
3951 1473
20715 400
22819 7412
7329 2190
8196 26111
21685 18894
23875 26455
26038 5880
14210 19619
11770 22772
6006 22609
12424 26561
4591 13707
1878 3087
13074 9830
12300 18022
3817 25181
12787 12941
15135 14591
5260 1710
5636 19684
3964 17897
5881 4871
5157 23132
25413 16780
22687 26334
17965 15562
17223 14595
9126 2536
1934 21641
22083 10176
15672 3411
24982 10029
7942 25293
17906 16320
7314 19355
16757 7349
17274 6353
8774 3655
17344 2459
3612 19069
4977 24447
25344 19502
3495 19209
5459 22438
41 16390
12050 1408
15734 12810
21593 11511
25962 12889
2376 707
10362 19522
3202 6012
23390 5072
15384 7037
19793 2586
5902 637
3547 7423
6041 2567
9482 9338
2847 6828
15592 20876
3080 3118
13196 5273
16444 2211
26216 7511
101 22280
14 14632
3310 17082
3440 969
3317 4439
23966 3490
20771 18447
10944 15750
24858 5497
926 20479
15533 2820
18041 100
1997 3021
3684 14469
2664 2876
5960 25584
2767 1631
16148 24310
5347 22719
23441 10724
10497 25114
3475 6586
868 11905
2541 9019
370 8685
5897 23616
26218 9264
22785 10065
4230 18731
12386 15734
11135 18754
338 2635
1142 24077
21845 3667
14920 22352
1171 15246
331 5200
434 78
250 3225
7717 3176
3590 3887
14610 23524
22588 5758
23754 3587
22814 3215
24754 18198
8432 3076
16846 22673
21593 10106
1689 7144
20327 4215
6708 495
4598 12795
25283 20195
12424 3426
5909 6864
128 4162
6019 26004
1613 21940
19994 5947
31 6751
23036 5420
5058 24649
2563 23273
15975 4110
714 24668
21032 6583
837 16840
21385 14825
24020 12065
5532 8028
22498 17665
9731 1167
13346 5111
4194 4538
15674 12833
4010 6917
17158 2813
22679 3831
7994 24956
23045 10545
1387 14424
19603 15708
4520 5288
8912 11872
11145 20146
26296 26070
2039 25856
4220 24513
25784 1462
14978 7800
20082 16930
22189 6887
5785 8341
18654 1271
23227 113
2747 109
20038 1156
15535 2349
3015 4022
18481 3528
2254 24379
3948 18327
566 12534
9553 12573
21260 23928
1308 3065
14857 9796
4017 2671
9084 2460
20860 21298
10702 4081
51 9924
8549 10631
5252 18194
7111 17333
22581 14985
9731 5735
11830 26502
17997 8970
5643 1037
5386 16870
15278 11709
19529 6574
24791 15875
3193 13653
923 11919
3515 11300
15760 8708
20079 4106
14874 25844
18486 5683
7011 4909
6231 11739
5800 3210
1889 4487
18481 18423
13330 23975
18088 3091
25976 7049
13581 1583
18518 10190
990 2071
7113 13617
2751 5013
4395 9396
1914 3291
25400 20533
3652 4568
145 25410
20290 8589
9403 13870
21835 20549
7763 24420
8688 2788
4609 1822
19129 14068
8668 2188
5076 5198
5475 20289
806 14458
4485 22574
19115 11339
824 5859
24926 17651
2837 4196
5010 13686
4516 8078
2786 21598
13683 4583
21900 467
4550 6960
11364 6432
14291 6968
10237 15489
1933 25211
3662 17023
767 7967
17845 26000
2618 21350
4446 20264
18703 12931
21018 4943
21858 16301
671 1996
18234 25457
23942 7367
18804 878
6293 4379
5413 10105
20936 11638
17295 6920
18366 26348
7522 2642
11937 7794
7813 13030
1669 1761
16166 23470
5703 18841
2877 25778
10660 8593
3474 22289
10726 23534
20787 1691
469 7911
14387 4378
13850 20501
24309 305
5920 22311
7354 19977
12150 4346
10919 9866
3421 24094
24098 16747
5922 7076
25215 8389
12767 19835
13788 4940
7858 6925
1387 4097
3755 14162
1069 24413
1531 12614
15077 185
14231 10394
18605 13137
26172 15017
25796 25467
22192 15279
749 13665
14156 4149
7790 18960
8375 15056
21063 23243
5108 2605
3617 7845
6559 21154
20407 11855
26227 497
25766 23086
10512 21675
21763 9904
25851 19919
12069 25313
5897 2520
5643 3385
24115 599
5716 4826
18355 5368
155 3160
21939 7378
22429 15860
12601 25919
23962 15734
2221 5886
5539 12693
16113 14532
18819 12496
12732 16433
18 25059
1705 12035
1091 8859
1725 4234
13687 4328
11356 894
604 10804
9208 4971
4715 3349
6146 18321
17566 157
12618 375
15038 1814
6339 5708
503 24150
18054 17335
25042 25001
16922 3513
16034 21293
14323 3613
4930 11974
2104 12642
7506 19309
13002 4440
15025 9931
17537 13825
1964 3846
10681 5598
26021 7899
2573 4779
11813 16365
4450 11849
2769 10076
18984 3068
16846 154
1278 4566
4792 14970
18641 15987
7048 10890
10801 1767
4312 4805
24894 20725
7464 5310
20190 23938
23421 265
6743 14152
20949 605
3193 4593
25839 15396
2871 1177
3761 4232
5248 1727
23331 24109
4015 19960
21157 7731
9781 10206
2243 23460
19650 7382
24638 24908
2499 9511
3472 4589
1322 2479
17617 3594
17773 17457
5885 1354
15825 21976
6573 1218
4584 7003
22541 2055
12888 6009
1138 271
14047 25637
15136 4375
6548 525
8085 24663
14192 3544
292 6471
14860 4833
13024 6079
20140 20311
6843 19345
20093 23072
15343 649
15387 13046
16541 593
14934 22010
18100 12743
24630 20389
3127 17856
3645 19712
5621 392
10475 5178
20354 13221
23688 20652
7113 10242
19997 298
9943 11398
24004 20442
16926 17387
24097 3194
4157 4848
25905 14663
822 4866
6722 8772
11242 4428
9539 11801
21029 14471
9022 2355
9714 24846
17443 17495
21333 5054
3561 25488
9590 10544
16428 22892
25858 9840
14083 16999
3569 3117
9327 3274
4065 2921
20748 14315
1800 3677
3376 14783
14063 5405
24433 4593
17851 5580
5257 874
332 924
981 9330
11490 7863
5729 5473
12643 9150
4586 9229
17664 21519
7578 14212
13846 1444
25755 4227
23890 17537
10379 123
4923 19085
2698 12089
1063 10656
17627 9960
8566 23517
18919 5561
26465 11842
21637 9659
2057 14717
19832 17457
1272 23809
10809 5442
9220 2172
10488 20466
11126 7869
3549 5713
10604 8420
17811 7666
19068 18713
4359 15519
922 5520
7789 11595
4924 15609
13189 8520
7612 376
19740 2525
287 5386
22485 1356
4979 15923
26153 15906
8602 25658
1965 1038
8368 937
9619 16134
5635 1084
2164 21974
19330 19770
879 1298
699 3111
16327 8783
4965 14576
1979 8082
14424 18002
23 25353
18885 26073
22584 18169
7174 8224
5251 22008
5037 4773
13203 5980
4134 18226
1705 6165
2326 15236
9869 23285
7205 16526
20947 16182
5513 12789
93 25760
20049 5922
20513 1539
2377 25073
12076 4739
2817 8598
26343 5239
2346 4379
1212 20444
5575 16930
6958 11360
16313 7445
14903 4315
22980 21435
3668 2697
21744 25098
11786 5102
6703 4413
14818 18748
10049 12582
3854 3137
2807 5094
25954 11251
23537 22296
16816 13678
10387 343
2444 12419
22425 12951
1106 11438
18910 8885
1421 6728
1702 23257
5101 17406
7996 4912
702 5284
3579 22045
4069 21632
1002 1491
10875 1270
15048 24611
6109 14586
5588 3252
18762 17862
11355 16559
22247 22613
3772 26276
11270 4453
882 12810
18599 16414
3296 24322
15423 2877
15032 22401
15801 20232
8739 23275
1211 2946
10360 17380
18474 1930
3724 24675
1520 2448
1481 4103
4127 25016
24230 7343
23179 13759
12216 325
26535 5909
17918 4826
11245 5266
10150 16376
6291 7104
22062 23091
3787 8294
5099 7682
8094 4512
2052 1263
7943 5482
6091 1385
8604 15039
995 1534
21891 23076
21668 26161
8146 5065
21060 4321
19279 19431
17003 7722
5242 5810
23600 9940
14029 10214
24450 3622
24386 5293
15303 7674
10262 1624
2500 10519
460 4468
23741 10170
11638 21721
11997 630
11312 9507
1274 5984
18413 4363
25806 1217
6518 24416
7283 10230
12207 619
21101 14327
15388 12559
12029 15378
199 1609
4 6173
14998 22361
23418 19211
9962 4202
26411 5087
15305 24075
5411 18458
847 5889
15512 2658
911 18968
4925 2239
6138 3200
10064 17182
24375 21525
4844 21308
23612 25117
12747 4868
25089 12988
1635 5434
14953 4858
4727 5072
2504 3468
5674 6557
4862 15663
19345 18871
8910 1731
20695 14426
4593 9765
1268 23362
26008 11910
11486 13217
12900 3012
21318 3732
534 3427
4066 3850
5242 3859
14629 12272
25806 17958
5975 26094
16513 3941
26497 24936
15162 8417
4523 527
9244 9258
26145 12300
24649 11592
22041 2443
20132 6174
3100 8976
6364 3382
24025 5640
5542 797
18529 18988
8265 20265
9168 25398
2400 21633
14896 3135
1243 22721
17818 5281
14664 24275
6558 3397
21585 24901
5128 25787
18565 10489
2103 5543
6235 5184
4887 861
21107 14686
8402 9
8992 13145
8993 2972
7972 24659
16742 10365
11194 12841
340 3007
10202 10890
16949 25137
15032 6021
8076 10687
944 25499
26361 1691
26267 18433
9566 11211
4971 10371
3904 2864
24666 14752
18544 7497
26452 2592
20202 10544
20446 1316
3325 1546
4698 16310
22188 13019
134 24716
22101 8351
14151 399
11408 25238
23973 713
18266 14559
21782 25296
13427 10568
16127 19685
2854 6757
5018 9551
2181 9439
1360 1364
23774 3855
20304 15038
8652 9931
1732 423
18823 1442
24376 16341
20642 19073
19328 25180
24370 14239
18427 3792
1330 7162
6680 5170
5670 18711
10520 364
33 20018
21526 15011
4449 5589
359 7180
16989 425
8826 924
13931 4271
19178 20540
14070 6885
2646 16548
5968 4404
20642 22150
19014 10478
16555 4650
14622 13191
2527 2458
15136 23504
14394 315
5770 25987
7873 18439
11047 2844
7342 11091
1643 1549
5604 45
5973 19560
1994 7047
19861 2792
1939 22718
8312 6603
3557 7607
3926 10206
2798 15681
9135 2146
8643 4324
7328 3394
25162 1815
8945 3789
12906 25011
22121 15813
4014 14504
5545 23474
13897 5359
1201 19836
14679 14272
4272 15417
2183 25092
6098 14404
24116 12301
6006 4751
3292 23941
6192 24634
23146 1444
17541 23652
5301 13222
52 7233
15313 22397
18772 18796
7097 2789
2794 22143
26229 4594
5968 25058
23451 26071
5593 15072
2326 4420
24635 15616
2342 5928
18784 3508
25000 21526
5835 18312
186 21012
12429 391
20948 15856
11908 6718
18978 7915
4677 1783
17269 480
5512 24683
22124 1082
4344 18907
23836 3150
7111 20060
11023 12622
7288 10355
1676 26326
5158 10209
18201 4579
20771 10688
15679 18795
13534 22223
18317 10062
4362 7179
14560 9611
24572 4479
3075 23471
23637 17244
24526 12436
15330 4428
6782 21575
4544 6148
2975 5706
7108 22808
15683 1054
5947 5396
7579 15189
14379 3016
3585 15830
16836 5859
25404 4032
14197 21188
15104 16261
3930 18828
19125 2462
1619 21624
2937 1018
15744 10094
26472 7899
74 15061
19483 5481
954 1962
18030 14614
85 18896
2951 14442
10907 15528
4884 22215
12475 1506
9939 18048
3339 17043
2904 9839
5348 681
9739 8169
18431 5626
17520 8433
130 12479
205 1708
15437 2475
16195 19478
18622 9616
8742 4338
5623 5762
19693 3335
13462 4226
9826 17289
5329 22680
17215 2774
21851 10786
1593 15459
1448 1643
317 8437
12082 8831
5148 1334
6681 26430
17311 25020
12692 14256
10214 25943
443 2490
18769 10472
6128 23628
7347 11657
18900 4581
18419 15895
2433 1554
15373 12588
5759 2160
12377 1869
2885 5087
25360 14693
8807 12428
17164 19314
20092 7383
26319 4001
4245 24339
3305 1234
9002 22247
24785 8038
11166 22589
8955 17308
18206 5274
19342 4653
24268 11946
6220 8291
1821 11296
1816 6281
1697 14781
24849 16032
8000 3535
7402 11603
6315 13338
2042 24365
884 2590
15809 22538
1366 592
4575 715
4124 199
11460 5966
1819 4297
13212 7326
4618 10064
25779 23398
11177 6904
3417 21676
4040 26332
5216 4283
7236 2518
3850 23137
22898 9010
2734 14939
20035 480
1576 18190
23004 6432
19384 7288
913 18796
12499 4197
11851 25846
5489 3848
6957 12389
2820 2815
6041 6409
10963 20384
12714 15727
23272 5368
12781 25650
12859 19779
4527 21779
9565 16332
5808 18508
2161 8593
3225 24610
2714 3140
23311 24762
26067 1008
4690 6701
25090 17153
12922 14558
17074 15336
803 2094
4087 12533
1486 12963
9174 15273
1794 1658
18694 108
19414 5398
14071 19074
3605 16368
3860 9276
2812 6723
16198 16235
4740 15480
1499 16922
24697 3877
20962 19325
20216 1749
7873 17700
16761 4142
25187 21620
6431 15283
5838 88
5023 10688
8019 24372
6323 12287
20782 24859
7386 5434
7856 2625
20643 16237
21936 12723
11578 2080
23147 6213
26481 10995
11213 1006
13850 635
5390 2702
22452 1868
2006 6903
6987 17751
5550 19342
2235 15223
14158 20263
17265 22854
3353 379
9822 3893
3473 7986
4231 9436
21078 24618
13013 18830
4003 15190
10328 4913
3738 3328
1511 24396
23052 4017
3335 19042
426 8055
1551 12671
3103 3818
1417 2610
1930 1435
8410 23543
23678 5155
22054 2527
9130 1299
11118 5069
22220 11816
18683 20472
17936 20044
4864 5595
7894 494
1659 14216
20406 3801
23900 9535
1507 17510
15849 1889
5932 11247
4483 6620
20070 7558
7647 4084
11375 3303
24450 5883
16847 8876
7371 19066
22203 3554
582 16672
13245 4408
4461 3954
6105 2493
3785 1538
16165 2153
7002 25724
22690 19773
5467 268
17070 15659
23420 13149
16046 8592
2428 17370
17716 23369
5298 6236
1921 1604
804 15172
10824 24721
2982 22728
7605 17317
18078 9866
13998 3931
8356 401
1403 5775
3499 3502
25822 4217
22211 1319
8302 4341
5950 24567
2436 5768
5393 21321
11114 24154
4255 8814
18432 1992
9966 7729
10681 9439
17699 11876
22246 10558
9359 6591
2615 4233
8191 6157
5246 20593
11134 14809
2999 19710
7029 5208
872 5741
26391 6375
2431 4433
542 22727
1643 8737
302 1655
6089 22833
24223 10391
22100 6880
20963 5397
2150 6163
15741 23530
25879 10979
18803 8730
11921 949
23625 26150
4900 4549
18282 2782
23751 3599
4810 1143
4883 18181
11210 23517
20464 18563
4990 5228
8064 11400
10087 5946
21641 24154
877 502
7728 20756
3213 4755
11013 9884
19456 7817
5474 17110
24274 20183
21578 7959
23086 4005
20352 2559
7406 5523
11827 5855
6048 21670
20723 8860
4102 6035
24589 2116
8982 13776
15186 2190
17453 25580
5914 23553
2309 19112
683 24584
10775 3706
4881 17336
15215 10362
20792 527
15937 1498
668 11207
17332 8403
15668 9606
580 16839
12248 5717
25025 4103
1062 6739
9347 2798
5371 3498
25914 15276
1926 963
4642 3984
12323 16054
17878 16669
25029 15109
25995 19291
4402 9097
9184 5112
749 16812
4363 3557
21747 15833
6326 3232
5070 17457
21811 8155
23112 24960
22349 1724
1148 11375
2936 15196
13961 3835
7339 4022
5841 17445
15508 14593
4605 24043
2189 9534
5185 26488
2851 20237
21605 4026
13629 964
19000 18286
552 20418
8562 8553
2403 1281
3604 15476
3809 4075
9545 22381
3928 3695
22908 10457
16675 23891
12550 3832
3521 4044
10269 882
4947 1356
10038 4250
14494 4507
23243 24946
19140 843
14428 15182
20934 21411
21684 4700
6505 11972
1935 24310
8382 5008
22454 22664
17666 25337
3668 11824
5058 21195
18663 1438
2114 21544
14959 6499
14368 5708
17678 13222
13109 24247
4402 16664
6844 21449
1320 4138
13238 21902
5150 4221
4271 22747
4836 9881
1561 4284
15855 5
16157 12642
19752 21193
25853 4973
1849 22336
23820 13824
15498 17264
13088 6933
12693 207
25230 10907
14295 3242
21135 17906
9727 4875
2571 1281
22671 19062
13771 20702
18400 11221
6170 12986
16230 21305
12327 15962
6710 21239
25770 22750
10437 4699
11855 5355
9203 3063
15236 16706
20808 25123
16062 17816
15485 20772
5147 16802
10814 24454
616 8815
10286 9712
2749 8698
24108 888
23691 25856
1237 20847
8258 11023
9545 9578
23688 17632
1586 10461
19429 17638
549 26366
5385 7719
638 567
4748 9547
15737 25905
11567 10226
20193 9754
18253 3659
7167 25480
12528 15075
1052 15250
3390 7354
414 3723
18836 10140
603 24902
19963 9902
20113 21921
17977 7496
12043 16548
21536 10754
5099 16095
3186 8210
8194 8253
16983 19157
8041 89
18461 4011
176 7751
23680 25096
16714 672
21819 15816
13942 4926
4108 7107
6043 19574
5910 5282
1356 3035
25732 9713
692 13304
2415 19829
3002 11328
15361 1761
17137 2507
4315 14081
30 10870
25525 2883
7127 17269
13124 3084
13449 24646
3203 7501
12611 19939
8295 23006
23526 17980
733 13117
9156 2054
2645 3813
5547 1547
8339 21810
5408 15532
19954 2189
15080 13575
11268 3116
5359 5714
923 6927
670 7852
2404 149
19576 16466
20214 18083
3652 7957
6772 12305
25729 524
236 26277
17988 3462
2167 7509
22652 22850
5674 24566
1659 14051
727 11601
946 15518
22944 3996
6844 88
4342 5759
1473 1612
25481 14490
2894 2349
10897 16019
5780 24022
695 996
14697 18073
16271 10833
911 7158
21579 7396
19389 19696
306 6842
1040 23489
11650 12788
782 4812
2537 9268
25920 1491
2827 4458
19979 13162
18043 17643
24351 23211
10624 22724
5925 22828
13960 9037
16609 9518
18204 8961
6105 14359
1116 23692
1390 5445
777 24358
21813 6230
17915 25376
14307 6581
26078 14012
17795 2263
5500 1380
10256 13300
4945 1104
5023 4391
4489 2964
1818 4469
358 23026
2928 23873
11747 16114
17237 3628
441 6071
12191 5820
21467 2120
7697 8248
4433 4664
21695 14327
21210 9664
11982 2327
499 18705
3741 24178
8410 18919
8286 206
531 11618
19440 17748
781 21010
11596 24644
21849 4210
17458 20454
3537 9429
1105 3046
15782 4485
21190 9238
19934 8332
5378 23934
17096 1452
3110 21749
18627 6613
7067 2053
15237 3319
4672 7482
21693 566
26331 10451
11766 8601
20727 10684
6591 3566
2860 21185
6153 9804
2720 3102
498 21455
20430 6287
2046 7372
13446 11417
396 6756
23349 16226
1258 1147
9063 13785
6305 7969
18314 321
18231 14393
2037 11815
16978 23740
1833 24471
16673 17972
15190 2703
7672 4562
6433 1460
3932 3385
23460 16708
22396 18107
3510 15180
10471 17201
14445 1051
4096 19809
23266 26358
18657 25817
3892 2829
1458 1673
208 8366
17846 776
6127 1755
3519 4184
5762 21588
8774 4439
24967 4831
766 24067
5542 3149
24134 3367
5757 8422
18366 5371
24682 15194
11967 21536
189 4696
3621 25622
13481 110
1680 4617
18291 19296
4105 23022
22803 6102
1802 6095
6711 17747
2070 25443
2443 18022
12237 18914
5688 18724
2473 23063
19370 17365
18584 14007
697 14830
6644 8945
4925 19776
14454 15686
25835 1936
8322 23707
14018 18340
5865 17293
19901 8326
12044 7684
13295 2697
5223 5421
5388 23996
2724 17631
17451 10704
14899 16709
20170 7097
5001 21537
16659 14730
25649 2663
6016 19914
1651 25223
22774 16165
10256 2872
14368 4194
1132 6414
4953 7317
3735 11849
992 25494
23543 16761
9588 4819
4987 11379
9055 3521
6341 25806
5811 23477
26250 15021
6612 5502
21694 4603
13622 15809
1063 8467
2408 9422
24668 9128
23122 19800
9511 359
24507 922
21294 13
5936 10210
22482 13545
21085 10634
1146 1567
8358 11818
2152 9255
11093 14604
17168 3292
3373 26336
24820 19499
26014 4529
18211 20730
1923 2362
25377 15783
6565 2736
4462 3302
5247 1737
1928 6990
14796 15713
1126 11581
8051 3920
1584 16474
7914 24514
15505 371
3614 16874
18497 3881
25801 12021
20746 4175
1328 22589
24364 16150
5798 482
25601 22469
23889 20688
13789 9291
11189 23308
824 4944
1954 16782
271 9455
21402 3208
22663 12743
18833 14919
6100 10318
4849 4259
10841 13417
8673 14127
7184 1338
12231 13746
11309 9529
1291 9054
2848 6279
1601 20594
7958 13695
444 880
3498 943
7278 7648
16955 1125
13650 8032
373 715
2112 3645
4952 25813
4195 9815
2231 11196
12815 10094
24379 7496
856 6140
17042 17579
15122 3965
8775 21746
618 5879
11466 12765
16492 10008
14581 4880
13000 9371
2798 19648
2171 13329
24654 11418
1853 8731
1923 21060
24199 7132
1651 17433
9049 19374
5217 4480
16534 11796
823 3828
20942 13041
13111 6534
4800 5913
4093 1007
1948 24929
3590 24890
5067 20965
4519 2817
10385 2788
24481 7289
599 5093
16156 25045
3358 20545
11315 2889
8372 26143
1000 25671
5368 4515
18873 18481
4654 14435
11930 2449
19696 20763
14468 16064
1593 3011
23363 25293
23374 9499
19384 12804
5701 13423
14975 675
23464 15099
8656 21267
2453 5511
10915 10872
25577 409
1338 26502
25021 2629
4117 2488
24755 21295
3121 6171
6058 18733
5585 942
23001 6438
2738 16012
14169 18019
15845 3790
1763 7492
24832 11621
15580 15922
16884 6798
13198 21716
1597 9516
18617 20358
17334 3757
3180 11015
24277 17294
15466 9841
19831 16451
10938 2961
20209 2524
9949 13994
8852 21016
23096 1190
10634 4873
245 1545
24577 18864
19534 21026
2478 13004
14856 1804
1255 13943
1341 9
23096 11302
5215 854
14972 22555
2170 9308
12195 5976
20921 5674
21973 1328
1358 547
3895 8256
12232 14068
18193 4359
17072 17354
2131 17933
13491 21441
17034 11137
17685 23967
5187 24682
19346 5092
10538 1629
24992 87
14189 7847
12533 6605
22767 25526
2889 7049
4593 1561
12125 16092
19822 3515
24380 2132
14034 6296
11200 5294
4173 5074
6489 13104
5721 2817
522 20382
4585 459
22708 16327
23833 2998
12695 6778
16684 5689
13334 23071
9498 6425
22970 12199
23902 8435
7802 451
26169 54
1594 1142
13653 2483
7057 21539
20137 23189
19407 25299
8348 22005
17471 5942
911 1546
13481 5401
14290 10431
6939 17227
8415 18921
5387 16191
3404 2041
12531 1765
2895 3660
7974 12803
9451 2791
6470 4100
7895 459
12522 15688
9713 2561
11976 16037
306 20812
3890 10897
4684 879
10209 16502
20712 3376
23282 18314
10010 25488
4944 2595
9845 2178
17806 128
26199 542
5118 14804
21675 14157
11618 2788
9742 8369
22231 25316
4399 13603
2619 8140
22908 21106
3601 7945
1309 23447
10715 18034
6517 10566
5555 6525
7386 229
15481 11955
5345 23799
16708 6497
4591 13763
12607 7057
20794 2486
12020 13368
25134 5466
25291 23985
15120 1520
21709 4202
225 12742
5038 24030
1669 12832
19723 14275
18212 25750
15088 14212
24529 3619
2717 4627
19561 15316
8330 25398
992 14256
23976 24329
3829 4436
18922 2378
6189 21008
18436 10755
1156 4196
13939 21429
15504 13127
8637 859
573 19874
1052 14811
2670 2881
3475 8940
19938 3113
21322 4572
19938 2604
15738 3042
1614 5340
25760 2841
5694 12026
1819 25915
25413 5179
9264 4577
7647 9699
18513 13897
7814 4530
1729 4290
1059 14048
7085 16315
13347 1420
5511 6919
25582 17456
23795 26307
2815 24440
19446 108
3622 22743
5564 8057
1398 5553
25327 9801
8378 18203
10576 6012
20783 16903
21991 23227
2036 22277
14964 24516
2323 10814
10057 9988
11818 1254
5819 4219
13264 5429
3315 18953
5555 20431
19210 6695
26197 8555
1241 17109
20328 6167
24897 4307
17116 1200
10459 822
5417 3545
9070 3730
18967 4429
15513 8601
16606 12148
6391 11600
941 13620
10400 1241
5541 22537
17138 4814
5683 4218
12177 15725
18483 24064
16556 6430
2134 9011
25218 22676
1904 16772
17445 23335
22875 3426
5536 12974
17489 804
22162 23979
2328 932
5123 2532
13228 4560
1276 19056
14416 5884
3459 4089
15713 8702
19481 10914
2661 823
2567 3651
9608 7213
15905 18770
3207 11455
1537 9771
3310 8889
5620 9714
22235 1958
14375 3535
18668 229
1098 3837
1275 5631
23704 22625
3421 12600
15377 15303
1488 3684
14858 15012
2883 3068
26344 24663
9569 4721
26153 1050
8855 1472
454 1713
1024 3433
2611 6531
23214 5625
4333 20821
18294 4618
26325 22669
18953 7383
5437 9973
2913 12899
4603 16646
10079 17178
18436 9120
14770 1279
8702 6142
12794 1856
6186 1000
13101 9230
4811 2602
570 17579
1542 3910
18413 11205
614 3720
10771 14850
12224 10900
6144 24796
17600 18477
9611 14255
7933 4789
13121 26384
12680 25123
6973 24161
7183 5735
2894 1954
24412 6284
1274 1452
15134 18966
16903 2007
6380 15314
6048 8674
10375 302
7184 3958
4447 13059
25836 9186
23897 12442
20440 8013
208 9808
713 1610
9178 14962
9924 6061
4300 14736
23504 21660
1058 5967
23948 20201
6357 22202
10490 12703
2074 232
1249 14298
10978 2159
2286 1500
10402 3390
8509 6238
2047 25710
16513 15908
4627 149
1212 20436
21539 1565
9321 6664
16402 4083
5700 11682
1032 6407
2151 2656
17051 5160
21171 22448
14416 2938
147 8133
23135 23425
3385 16618
21175 16483
20755 2326
5476 5363
6109 12225
19050 15133
12269 8695
10972 16849
15351 21675
174 4289
3154 4429
4345 14747
691 2241
21682 17064
5958 4070
25 23344
19860 2969
2441 537
25765 11849
12272 14324
16111 15132
2217 14711
5060 5264
21479 15917
2702 4301
18537 3948
16029 1969
6075 2952
1417 2127
3855 360
5199 22529
23383 20371
2104 1847
2036 5494
22399 14565
10404 15940
11450 4526
6118 1555
6353 24060
5818 4720
12652 21067
6568 6997
19957 4686
26371 8277
14331 10345
657 5692
15060 20133
24993 4147
22151 26115
18022 2660
6633 4147
6631 6185
39 3804
3405 18905
11457 11874
733 12291
17599 7731
18000 5731
7298 10929
21440 2702
19154 24213
24027 15372
10849 11736
15487 4148
13998 1840
20678 5322
12330 5911
610 12811
19354 16974
4479 20913
2270 4621
23513 1134
19501 7434
11369 15898
14474 11745
1623 24627
17109 15482
21593 516
19995 3009
18810 22270
6740 3292
16155 3215
12939 9402
13367 23634
1599 2065
20971 3715
12808 4321
6453 181
15230 4984
7676 1223
17494 21766
2930 11284
4336 22465
11508 21226
15692 17033
6681 62
24385 17941
7533 1471
19796 1160
18004 19302
6845 5957
3957 5431
20974 9989
26233 2725
23161 18983
24847 8240
3664 7495
17204 5271
6531 18961
15025 21926
9018 2169
3079 17208
14141 9570
998 22491
16589 5544
8992 6063
24539 21497
5928 7861
17846 17638
9006 2948
17639 3516
12205 573
6233 18380
21130 23488
9662 12563
17562 21792
16173 3958
20581 21333
10256 14699
7721 3889
24893 13021
290 15766
99 17843
10761 2021
5800 22153
25307 219
690 12002
14299 16598
2337 22974
12762 14428
2663 11887
1462 16449
25711 5578
23841 18429
2945 5335
7331 5033
5870 2996
19170 7553
4925 4122
5444 20911
25100 9239
1322 976
3900 575
7075 5603
15052 7237
9645 25777
10208 26572
11533 10735
4713 1436
5059 7321
3930 20046
17211 10437
24102 13108
7913 5115
8909 23255
14714 8444
22825 14775
15677 16842
19123 24699
2350 24396
13219 7304
9865 5927
17241 1746
23976 18707
5150 3348
16750 12431
13665 122
25080 18132
18222 6277
20414 263
7743 20882
5179 16050
16712 26514
771 5271
2236 9791
16926 7929
3566 11184
24825 584
5495 14634
11918 4280
4345 1594
4145 18249
21343 18944
15586 10650
3696 1776
25578 14705
92 9202
22024 6075
3027 16847
8673 4375
2337 13363
3298 4852
4119 24292
13698 23574
17153 12412
10951 14174
5152 22391
7436 2093
4891 19851
3073 18688
9165 11576
5619 5505
20357 1439
19534 15613
23980 8343
12640 22808
24488 1824
17247 15552
13311 3917
14510 20319
17600 8815
20828 10325
1311 25300
25070 5831
2689 12737
4992 16622
7157 3818
21603 448
3852 11842
22515 25442
129 8210
5416 4577
3132 16200
19358 21161
6230 23058
13060 2665
26492 18604
5460 4706
5915 26231
11323 6680
17137 8522
11008 20813
16140 4876
16833 1617
21807 22915
26112 25553
2457 8295
1118 23768
574 4539
6087 20087
3904 8285
8460 14237
19452 24795
23991 24684
10590 25736
5502 11758
10906 19151
12015 24067
347 5354
13462 16286
13597 18185
22396 15153
22999 17855
4879 16230
6622 22269
11646 26128
5894 1875
13135 25953
26378 11427
1422 8541
12078 9008
862 2480
8994 24824
3892 1820
844 21316
14185 24146
13692 14973
367 2668
3851 4195
18493 8947
7872 950
5937 2944
16880 4160
20052 1566
364 2510
23520 2076
12244 11414
12031 98
4723 6764
18390 12312
6337 25000
2242 11955
18708 5032
11489 5737
6645 25622
2005 21736
18605 4239
2790 3177
13893 8166
2723 2143
14315 4545
9141 947
18072 20196
5710 22993
20975 12756
18653 2409
14951 14109
6953 4427
13996 21965
5851 18448
10307 4487
2365 1707
9069 4689
611 2741
11855 2036
13509 24100
4977 4644
5141 18084
8897 7231
2738 24899
8131 26071
3700 9838
5221 9931
5415 574
6414 6393
2182 11337
6939 1145
20478 19878
3784 16704
7087 5297
4214 7435
19777 1631
4192 3298
22537 14397
1945 755
10674 24096
11670 4416
10300 26485
5925 18393
20803 4596
24320 6323
24197 3102
6118 13588
5023 9024
16006 649
6423 13245
3775 8377
2207 8943
4070 16258
3736 836
19558 21698
17622 5107
6448 12880
10915 2149
26249 3473
24070 25881
19275 11427
4711 3123
4009 4035
16296 25824
14958 5744
162 15910
8050 14338
20328 25249
26280 939
19147 3745
23665 14394
24998 18876
21593 23574
15759 8386
19263 20151
5657 15348
3289 12400
20652 9584
14252 5294
3011 21488
24138 2461
1010 19892
5436 25617
15907 4063
21871 14086
5033 25916
14082 14176
14763 15178
9433 17688
5385 5371
16749 14038
10142 21227
17931 963
25282 9474
2427 16280
787 5591
23008 7420
22902 14414
11743 558
9560 4266
2341 15163
25658 13821
1922 14428
14956 10211
9335 16381
22808 11376
2428 21751
1411 19047
5683 2627
9616 13229
19003 24847
3496 13309
12536 19729
19218 4094
25607 21276
2448 16336
8748 3603
11142 21453
11477 25943
1393 19184
16636 9070
9669 5010
5967 5184
3665 9937
12175 11161
541 13914
856 11545
1664 7114
15196 12935
11984 10823
26075 1162
9041 5049
9650 20688
19606 13714
10919 11385
2149 17367
15409 18962
2839 22975
916 9177
3113 20623
16718 21356
21873 13810
2516 13276
9611 7846
9427 550
20152 4469
3491 18201
24358 7783
3164 14722
7793 3672
14367 16361
1129 5634
11227 4754
3350 23366
6769 3853
3577 5131
1592 2439
2231 24411
3866 18819
3664 2587
1350 5168
243 4943
18855 14422
23956 26280
15091 8620
1089 21663
14469 5584
6029 10455
4583 24469
9162 14317
21550 17566
3658 8619
17582 4430
6288 895
10320 1588
20466 12075
58 21941
12067 14781
7214 22856
2887 3812
610 5915
3275 13239
8993 119
21202 18368
25526 6084
15164 19357
15634 2073
2911 3545
10208 25192
1642 5956
18177 17943
15965 21412
15735 22328
18358 12968
7042 1814
10336 21789
9992 19214
824 6756
826 13729
9253 8740
5015 9671
13171 5692
3464 133
26560 20732
20082 10433
26412 13204
10325 10582
249 16588
299 17764
19603 20470
2571 25321
14797 1091
21014 918
3728 13200
4156 16347
19692 19307
9931 4199
24695 15283
12658 12553
603 18299
17197 19425
23517 5462
13714 5142
2894 15372
14997 20702
19393 1937
23980 20969
6133 2615
8241 10807
12729 20002
13575 3372
23216 15100
8064 486
2641 1003
14718 24782
17713 12736
25817 20333
4519 7538
1059 11906
1250 1772
21989 11857
18248 2945
12563 5471
26463 25029
6688 17561
11264 23810
330 26556
3831 19521
2942 14675
1322 23243
500 6908
3922 13362
26174 15120
18732 20687
23786 25791
18752 26223
12991 5731
13617 20810
21093 21006
147 2357
7340 23653
109 3898
14379 23986
24396 16033
1063 6452
14500 20538
12982 11962
12988 22329
20003 6768
18395 22615
11669 26360
15 5220
7404 17852
6053 825
15340 387
2108 4879
22685 5989
23968 22348
18673 16694
3414 13700
1960 8240
4398 6178
6257 12080
24159 1853
3956 5463
26266 241
5961 10579
9330 19984
13364 5415
1094 3859
5136 197
3741 5463
21179 16090
3883 23686
14054 10354
11833 14418
1960 20720
3757 2666
13132 2985
5280 5286
4241 3882
2671 15237
26448 25592
3706 19674
1152 230
5506 7874
13492 2299
2110 6873
25549 12499
5005 2478
6480 1453
7138 12916
25071 12828
15657 8954
12175 5863
9223 13277
7337 8081
3172 7420
5906 4880
2343 11820
3380 6662
4450 45
7302 5966
19948 12765
14493 1783
1588 1452
7032 11948
951 2930
18501 20059
7338 442
19842 4249
3869 5482
2692 4727
14720 24124
21362 3813
15461 2959
12924 5390
426 9532
5581 1288
9228 25802
20977 5769
5639 7016
5320 19963
24385 11855
16498 13397
8505 692
24940 15200
3177 1394
15491 1924
21195 23598
1600 4920
9116 516
19455 17061
5216 9175
13933 3818
6950 8712
1170 18839
5679 14794
4130 2498
23559 4859
9277 3797
13021 17770
21399 18121
1652 25693
4600 23036
3406 6074
1117 12440
1619 9051
7557 3990
7122 13798
14610 18051
4069 15359
4458 11686
1393 3037
15667 964
23442 21591
8559 11293
11679 7722
8265 17883
7108 9944
5443 4620
4624 13769
5941 23306
24595 1241
16086 3107
5605 14673
3043 8408
12906 313
11482 1152
1747 33
5956 12943
2954 6703
14800 1884
24965 9402
22475 10174
7907 23847
1359 4857
5691 5987
1038 25271
24675 14310
7097 23897
3233 12288
18728 1844
4037 17336
2100 13161
24995 14822
25912 2122
1333 4043
17192 24243
4762 11522
7781 8089
5721 5044
17602 3177
25202 24844
3087 23495
749 12778
3097 19390
5681 16348
7977 18008
10230 19018
26550 13420
2247 8176
4794 2778
17947 23697
26431 7471
4357 12010
11358 9364
15532 15078
21159 25160
17442 1074
19652 7777
5843 19533
23384 15355
23606 13003
20525 6133
22508 24373
3215 9490
4967 21801
16115 13414
12294 3051
9181 20823
16490 18011
19968 2555
102 10020
14758 13341
7217 21815
12114 18093
12292 17528
14756 5816
3359 3800
12926 14506
20492 18657
11109 16128
11303 8311
13610 2941
4190 3392
19145 9683
2358 13115
25489 1677
1038 4312
2215 15760
22440 3465
18691 13524
13797 15313
19107 18588
754 7558
12386 20998
3294 12726
25856 16353
629 1254
21670 12734
170 13304
460 18762
26447 22900
24922 9691
7725 5225
16909 15944
22414 18826
17181 3326
23551 14273
7709 16976
17235 23841
18466 2353
16107 10269
11815 381
22837 18679
4272 13752
20083 14203
17070 1671
25278 16620
20387 22249
22858 12863
19718 4624
2317 2729
23273 14162
2520 8625
6105 4254
22704 3953
3078 5902
19130 7804
20388 278
6035 26
2226 2417
4962 13104
23351 19403
4012 5517
19124 25823
3087 20162
1080 14377
1258 13638
25007 24569
23290 18183
1986 25543
24813 12893
8789 10438
18644 862
26173 20667
14384 8367
3982 4914
15513 9857
1360 7204
5563 10045
724 24294
24735 12890
11883 17570
2092 4817
15543 3901
7917 22829
12602 217
1556 26572
17753 24516
1471 18630
25275 9714
14971 1574
7410 7358
5160 3319
1663 7706
8538 520
15436 6182
17894 2415
26214 1827
3137 20394
25928 12510
22839 1451
15471 20571
26156 3530
17240 22799
517 21889
2533 21090
12633 1793
23555 17570
22288 26005
10378 5203
2703 3473
20325 10182
5743 25705
6898 2797
21929 25887
205 1389
16738 5543
17671 22261
4926 17880
5821 3534
2639 5076
3239 11188
15314 26152
9226 3301
7998 9255
14718 17783
21759 1472
10340 272
6233 14256
3799 2096
17875 4086
75 12526
17142 26247
21193 7502
4945 26180
1420 15146
16064 587
3937 2960
1296 15047
24655 21422
23065 16372
4865 5201
2325 4835
18324 4842
22164 23468
22749 4655
20900 18711
6408 13194
5531 539
16766 12303
24685 2260
6669 25163
1093 8935
6979 20380
19382 4038
4122 15142
16680 11364
4861 1827
17081 22618
16700 16505
12165 3269
25547 2194
4679 11626
17552 20840
17525 11586
16622 8159
188 880
8907 18520
4932 1175
11505 22915
21297 19367
18099 10612
16883 16608
2771 14586
10738 18035
15779 24876
19892 902
1677 5990
13404 5626
18443 4785
8049 14794
21729 359
3553 20480
14829 3740
2152 22845
11571 3819
2697 2489
11105 18626
5668 14542
12466 126
23241 4340
4404 18439
4010 5137
2947 17868
373 8007
5311 17292
18934 5403
21791 1393
9801 3180
9659 14808
21458 24486
22739 22909
3169 10432
4496 1845
19166 13207
11840 2069
25924 10181
17361 9266
2030 9936
8668 18385
3636 6816
12277 3140
13195 18487
1425 62
5117 4798
16509 9115
10864 23064
16535 9952
4168 17317
32 5879
12814 13476
6469 11876
19822 7886
552 248
5418 14445
1120 3358
11167 7372
13045 4284
6106 20716
7579 23260
19614 120
4253 2282
5288 1787
18761 222
190 6481
8896 1618
2364 9052
23433 1626
2892 11768
11359 19739
419 24880
4499 16629
20228 3796
19207 319
1541 12416
14697 8658
19098 10217
20477 750
26371 2232
11183 5307
25906 3243
22677 18183
4525 19238
13011 24187
2792 12585
20157 19496
5122 13696
11324 9059
6473 7481
14707 8659
20987 25691
196 5610
7127 7893
23882 1776
10760 26037
3252 9347
22665 9370
11497 8101
2313 23404
12525 8559
11337 10314
2443 9510
5805 11716
15208 6127
14196 10571
21376 17123
8993 19941
9998 7013
23134 14118
19115 1493
6720 2139
1209 5564
459 3080
16130 14898
12473 26517
15261 15839
17271 14148
4370 23356
20593 9830
12733 7744
19087 22479
632 12406
1313 12935
17524 11090
5174 26306
22120 25797
10289 16146
4334 561
5155 4572
16937 7381
18054 26377
3244 9843
6267 9725
11671 13715
3028 24525
1573 14847
26529 2476
17313 4787
22302 15271
25757 25143
19303 18323
21193 5453
4231 15427
8695 10019
22066 10494
5576 4534
3066 13615
12770 20946
26460 24671
15205 16210
5917 5763
8962 2805
6067 17356
10308 21955
15621 3793
6004 4316
3612 6015
9749 9230
25444 5716
5277 22178
4966 119
19649 9982
11830 4465
3334 15013
24610 3699
10947 18338
9425 2698
22402 21605
22476 12054
21928 10701
11836 21765
24665 11142
5656 14448
19094 2709
3542 18351
6568 1585
10917 2763
7874 11989
7977 7990
21474 24467
9941 7098
6170 25003
19390 2258
26186 1662
6388 6258
1303 762
1646 11283
10106 15169
16739 12365
20114 9705
2049 11962
13792 18298
1784 1897
3858 16226
9272 26087
4156 17221
21374 10372
21325 25748
3657 315
5701 21601
16435 2282
983 6514
3294 13631
18559 1206
4681 10494
21586 12081
18029 3551
16909 12325
1894 6322
1207 13006
20203 20714
8157 1156
2631 6294
20746 936
15099 2229
8661 7708
9874 19712
13105 382
1334 3571
2862 2086
14001 2188
4638 9110
8676 2949
792 23002
5914 11762
10999 10048
25802 12200
13453 26003
720 3032
14711 21928
21594 22304
10280 26420
6424 26115
2157 13024
14045 14230
2897 23200
196 4253
21054 17472
24270 12819
12644 25152
13493 4626
2432 5891
24414 13705
21523 15744
4523 17970
24795 17955
4336 12619
15332 20306
22734 6327
3283 4682
26014 6032
14510 13481
22053 22296
2843 5718
3506 2069
577 801
25509 950
4884 24537
1104 4632
22585 1744
15959 12172
12160 9246
23365 24442
23504 4671
6842 26117
23979 1881
16607 3946
22286 780
8513 17961
26264 25345
2875 6028
15855 6592
15056 5575
3970 13391
1252 4215
1767 22572
11587 21454
8620 6850
20959 9750
23221 3902
2022 2807
11324 26270
17449 1064
5722 22026
24574 9111
13155 14184
1930 24390
10652 6187
23871 12143
6537 10859
3781 4111
6528 19515
5715 25312
18344 6455
18248 11656
24411 14940
15706 2064
15823 63
7938 20375
6646 21170
7268 2410
3012 25780
4015 24969
5647 5095
25081 4981
2264 13399
21336 1165
11826 422
15761 12458
17852 21156
16904 567
25738 11040
19485 4764
974 8190
13557 20221
560 16778
21628 21797
21917 12
9130 7357
24491 16029
21510 16578
183 2104
105 5464
22179 6932
23301 13589
21551 15921
5319 5258
14602 5425
14646 9059
8987 26218
7559 23491
585 1849
4719 6422
7068 25241
8298 2924
18334 19956
12911 23101
2090 8249
12127 1393
4250 16174
6838 3079
16203 5896
26025 14571
6084 12345
5586 1902
25956 22409
9282 13135
19055 3176
3073 11012
7142 10626
13908 11161
654 5047
2141 9933
666 14975
17857 3240
11745 6300
7340 3467
26454 23630
8092 10177
12060 14301
1680 20286
18382 21378
18605 3884
5738 15806
6971 7381
16580 13808
25073 2098
12611 1319
3220 4444
14127 22837
23831 26178
21566 22021
3345 21796
16537 20782
260 5525
4670 1001
13536 16419
3012 5792
15952 11356
11675 3044
15976 9331
2174 11531
21447 20248
18564 11347
6685 10449
18803 17025
17130 18855
5532 10769
11144 13086
21340 5360
5227 14955
18385 3999
23976 25314
9769 16548
1238 15534
15410 931
8046 7108
1372 4124
2178 15130
4379 14017
12354 8211
10381 139
4322 21054
3967 19305
15486 15169
15335 10838
6232 17168
17052 814
18926 5253
12456 17949
1922 3464
25043 21822
3192 178
23973 17382
20548 2684
10190 1594
4622 19980
2023 24956
13348 6035
25518 3287
6105 15732
10881 273
6006 24522
18793 18871
14012 3504
4236 5938
5596 2030
10823 17859
26407 3398
19363 502
16377 4042
5512 8192
11808 11683
20066 3998
24219 13479
14391 25756
8609 11678
25459 3009
2056 15617
3872 4970
21785 23371
3800 8102
25521 2476
3448 15799
5609 16129
7580 26451
16393 8452
22187 7715
4106 24000
1966 6322
5551 14665
16062 24007
12767 9129
16134 10739
17558 831
14884 21350
18958 24194
14547 8198
4198 3116
3817 16835
4773 18483
13785 1350
1276 2298
19556 15910
3693 8523
2833 24391
10983 14525
5388 9950
5275 23420
10623 7853
3052 24198
21923 10681
11937 21531
24586 15450
1923 9326
13924 23182
25442 7841
2722 20626
3962 5616
19291 22964
15442 24365
5008 10595
9163 17004
11497 2696
2523 13567
9001 2329
2161 1991
24643 23018
4060 13566
8611 3305
179 23618
4083 5313
552 3157
9791 4805
13223 4688
5206 20083
20739 8780
8307 6444
14820 18878
19484 22381
17833 13338
16459 19548
12460 23264
17612 17313
1769 7699
18150 3447
1815 16621
13117 259
23807 7889
9975 4358
2672 11393
15390 5677
12136 6545
3431 5325
23225 9756
3183 24630
2094 181
10540 4001
12069 16544
16901 19077
16489 20547
11546 3730
703 23511
9226 13309
22000 6243
16147 3096
60 3853
11131 20005
18057 6116
8494 18028
10195 4844
23464 5037
9485 26296
6677 15886
25189 9550
729 22079
1516 12404
17801 17471
20139 6760
14882 18006
17154 5875
13531 6536
19858 24
7988 10345
4494 5166
24436 7218
3802 12183
5042 1043
3284 22027
25422 1739
23795 2418
9642 21111
21490 18319
5497 16039
8906 19976
8524 21687
1632 5123
25239 12893
24314 23050
10259 4768
7963 10581
6018 18502
20722 6056
495 22647
25349 25239
321 23809
25943 2354
11686 11988
17386 17021
13875 20978
2689 11295
22866 6122
5546 15842
13967 11198
21756 2959
10974 13837
670 5699
25658 16592
3115 578
22669 23391
48 17474
9168 4090
3644 21748
4467 24318
697 2630
21759 5703
23897 19989
13818 1106
883 1620
13067 7892
1057 7917
24670 20669
25339 15838
1354 16378
20867 15052
15665 2963
2038 22261
8104 21111
15811 12646
13272 23198
18791 19310
13092 26574
9945 12626
24333 17048
5432 6978
1652 232
3346 6796
21851 17463
2910 10000
1529 17386
3818 8436
16805 2904
23135 6809
5394 11271
7898 5871
19359 7516
17661 26434
9708 26289
9865 14142
20562 12199
11625 20117
4781 10941
25586 247
703 3618
23145 5346
15659 3784
1477 12287
19375 4538
5081 13076
2067 1967
12264 6545
25486 9951
5762 647
5789 3895
20465 9538
22931 25606
16875 5683
24164 18913
16813 22574
21739 12327
13192 3542
9868 9917
17309 24405
5400 4450
7141 114
16624 11416
15220 16921
23150 4850
21246 5705
640 16676
19098 9412
7830 5212
21702 3078
9151 1915
12971 6912
7438 12270
3491 19769
2405 22001
2553 2654
11175 14481
3858 9779
19512 9705
16390 7375
25350 8406
889 24329
4863 12550
2605 17198
5924 4468
23554 1559
18693 2126
3956 18356
8143 5918
995 20947
4282 10891
20065 2211
2376 19030
15584 5321
528 17099
2120 12826
1056 9370
9468 19989
9468 3845
21964 2568
3845 20368
16808 7655
18560 17895
25742 22704
3572 2945
17643 22155
11218 3797
14941 13609
7003 11574
4541 8083
26303 5734
12893 1668
6274 5571
10382 6195
14884 1762
14694 1622
9729 22461
25536 8646
12406 7501
2725 11358
1127 22107
1064 14921
3643 20627
11126 24507
13328 25562
3472 26334
4750 4099
8498 8720
20213 2042
2906 11851
1951 6443
5216 14820
20448 22145
5200 9081
9008 18343
11739 1317
5004 21943
2176 6167
14105 4688
13107 23456
6411 3339
15457 20082
12741 613
2862 394
10817 4839
24065 9541
1749 10727
4674 10746
21609 5254
6498 2314
22262 16926
16156 2412
12431 2846
9467 20088
20917 23061
5917 4194
5175 814
7734 3672
1196 5401
2809 9529
302 21041
13809 13833
25769 4448
4757 22527
20325 24177
11517 5149
5648 19930
720 17309
17431 5174
8354 2266
7511 2568
20666 293
25333 21739
10009 8722
24458 21286
3768 2437
5798 25985
15376 15744
2795 2903
10463 10587
12445 1261
5452 23194
16069 2084
2430 8735
8940 4775
13948 21918
1385 18513
3477 17746
10101 17709
16145 14830
10921 9139
18774 3799
8458 2208
9575 15504
13914 10331
7339 26485
15318 23712
11248 18093
17246 2529
6063 3964
3576 11290
5521 4114
10444 5947
12083 2195
3965 21114
16934 18866
25167 12777
16699 4535
15241 6865
6909 22562
24742 23665
416 16311
2267 15922
20311 7708
10787 24632
9706 4568
14749 2615
24810 22269
19247 23688
19230 4656
21616 6012
97 327
5829 1298
18670 2635
3308 4129
14810 22815
14067 4068
16098 17288
883 1612
2441 25295
3420 3222
24759 17307
16136 23205
12174 1349
25529 21189
10973 9615
5244 13016
15817 13459
1141 2031
26359 1273
18322 23
4871 11373
4746 3702
94 114
903 5526
4137 15022
6993 3072
10398 21361
10977 20237
3205 6612
5551 6137
19448 572
24903 18233
12903 23423
6976 4656
21983 8815
684 7771
11147 25334
24755 4310
17787 1912
21626 20663
7588 1988
5706 14239
4648 2976
3600 7446
3834 14224
6236 9803
24567 857
14488 4967
2625 4595
2040 5785
1068 7921
18655 8852
5264 12704
8885 21156
22975 24166
9850 8280
6146 1971
21646 11418
26076 12944
1306 5771
24974 9571
14087 15332
19555 6224
1114 4550
25954 6104
19035 5199
5225 13033
4338 18538
2779 2423
1532 5265
15540 3715
7469 2370
4326 19557
16486 19482
8259 2763
12486 12461
13231 20020
20727 23275
10948 17612
8688 2337
22479 20756
7960 5859
23835 4832
9646 20359
1941 7932
906 6717
8674 7479
18522 13240
7869 15364
22554 15175
2565 23124
13858 3501
18500 16618
22901 18825
18592 10259
21382 5118
435 17809
3703 17650
238 3834
9691 5042
18340 23421
22696 5173
2290 3085
3019 23751
911 6232
11762 25416
16199 23543
17874 4779
1654 12399
22473 4582
10113 23949
20162 6472
5809 8501
1148 12813
3621 2975
1089 5168
17492 994
1762 5760
17670 24581
8006 25846
11519 24391
87 2408
8436 19964
5313 20916
265 3020
26427 553
5392 25762
13678 15238
20279 13290
12654 21816
3947 379
1959 25869
8844 14508
23390 4421
1582 4847
3732 18669
3450 12987
16685 22120
25460 747
19281 79
1831 1411
14099 11387
12912 8378
5490 14687
3915 2489
2522 411
4901 1236
19158 15823
4947 20267
20323 14509
1933 8719
14717 2387
10982 22683
1824 18391
1869 20680
3794 2117
11191 1250
2712 26371
25998 22845
2132 21884
26257 2630
19943 20064
9247 9746
15511 2625
15282 24613
2140 1248
170 1743
21448 10960
5964 15055
7255 16058
16650 607
6019 3835
15876 13487
14611 19434
26576 14739
11226 22148
408 2458
508 5804
14527 22941
8112 22949
13488 16512
24364 12805
3409 7830
25919 13838
22707 26430
3900 4188
4434 26104
6804 1594
14581 5108
11724 14679
16062 20772
8720 1824
16353 20349
24062 4556
5006 4095
2793 20488
2901 327
20863 16453
13544 10955
18856 14258
325 4050
8625 3489
19529 17914
16553 13193
9105 25908
45 20851
9185 4952
6302 13816
7641 4122
16026 23167
11027 15675
302 13552
16553 3870
4219 3049
19192 20696
12492 16487
13988 2674
14947 5074
2781 20685
7819 10451
4354 8123
4922 4743
1216 22424
10571 13747
11110 23351
13301 24662
10710 18973
4353 1065
18869 10989
4492 21684
22280 6692
7795 25811
9023 20742
2971 5110
14706 6361
7426 13215
10218 5746
3642 24150
739 22858
16862 23802
1168 5343
4730 3703
1666 8940
19756 23794
3968 515
5556 12083
5281 3129
646 15774
1275 375
4923 2936
4242 5253
4344 15765
5048 4094
23739 912
3061 14296
9248 1652
14688 25746
25099 19364
2872 12305
19641 2942
1844 15550
8765 4973
2924 12313
16489 26481
9697 23979
3091 2945
5350 7739
17102 13404
4945 10053
13793 21460
24855 3786
26073 4298
19933 9887
20310 21356
18150 15858
12878 7915
14708 20590
177 21897
5771 914
8264 756
17399 19339
995 8402
7825 3205
24499 2461
2527 19317
5399 3505
2103 5446
2290 24227
14864 4846
14977 17621
7155 5403
3253 21319
13229 3577
17974 3504
21996 2026
24010 13518
4423 21759
17753 11514
19071 14691
2125 13055
1575 18258
10558 21292
23228 5810
719 22184
545 15618
12243 6918
14566 397
16053 2073
5829 8675
13334 6154
15606 14985
8375 9639
13273 10224
20122 3360
2328 3014
18788 10795
15152 8646
17926 8814
5711 2782
11676 25473
15796 1353
20373 5416
71 17429
5943 14601
4037 1435
8087 5310
2864 5370
25815 553
17843 5700
18927 6663
5860 3470
960 1258
70 1464
2741 15775
19474 9385
22272 3063
2359 12068
19984 13922
2207 8443
22686 26046
16308 5504
2597 23
13347 5181
4628 4892
21727 5605
3522 317
25706 21898
1098 5281
22608 16911
25135 10981
20980 9185
14531 4718
5262 19170
2987 17885
7285 22694
10776 4577
15258 4868
10400 14806
24405 10785
975 17602
25445 16569
9205 21447
5682 5664
2918 24312
21076 18869
23584 13419
20825 19404
24749 1457
7107 11336
7243 20160
14929 3966
9803 17689
3200 8838
21687 3756
114 19437
4697 6186
26443 21674
15157 5872
1220 7507
15936 7642
2431 13201
15278 121
16332 23506
12422 18502
20190 25405
14493 8244
5307 19947
21502 2831
12141 13652
7055 20024
24220 809
10482 12761
19099 13215
13738 13177
15529 11762
13695 18126
11376 14987
2117 6354
18130 3965
24085 2329
20965 9131
19654 19809
4668 85
3579 2957
5481 52
13938 13577
1471 23769
12232 21113
895 25471
8602 26353
5770 3649
3597 925
1721 15755
5351 23555
17397 9679
2885 12974
15586 17785
2353 11630
19803 3910
776 4564
9084 3120
2760 25381
21827 23241
641 16047
7063 3636
8526 21085
16009 170
22603 8586
5849 16249
4352 3091
18620 21142
19832 19376
7132 17551
20928 23428
5281 26304
13806 5652
12975 9674
12660 21683
4306 577
262 16165
8531 421
816 2824
9620 11156
2408 674
4193 26429
4020 18217
6831 19736
7900 24261
1790 16597
12065 14026
695 26514
5526 21358
4105 20048
70 18907
20364 21672
5852 8323
13976 12218
18722 2484
4114 6503
2571 11372
22991 6114
143 1936
13143 18621
1337 4791
10729 5717
23929 25193
1471 3618
1124 12784
5300 19080
8190 18119
1411 14182
13259 13168
2415 11867
6609 7150
3723 14474
12026 16527
3765 4106
7865 11018
16443 23790
4592 12745
13579 25745
17682 17800
20647 2709
18821 15647
11603 7003
3692 5020
6582 3077
19423 19605
15326 14192
20324 2783
25989 23399
8446 25780
5557 25246
20857 25636
8932 1297
15153 6921
1132 6137
25138 2896
504 8532
8094 7332
19283 26031
7247 15493
20500 14214
24254 17562
25584 10465
2117 6984
3466 14437
23774 17027
4566 3821
5142 18660
2298 8336
706 20732
8111 6159
17698 8937
9171 11017
11640 5192
3005 2704
22358 4520
16386 5049
22575 4168
2986 1174
5718 26296
13089 526
13156 1955
19044 3925
3579 19315
3011 2803
3624 2669
4929 14523
4650 16250
1318 7164
1533 2894
14129 11902
167 10029
19720 5638
4126 18401
12566 2202
2151 598
14035 1670
18774 26045
12869 11046
6666 8697
10439 9022
1834 8606
5931 8745
401 22571
18520 25747
12174 5606
6943 10953
1418 21821
3758 20333
20971 6261
17979 13933
16440 5895
11558 10293
6013 4728
18562 1350
14321 18077
16848 15677
7126 1435
3853 22560
24481 10278
23536 22840
5467 2863
6253 7221
26439 14336
20605 17853
19909 21127
12577 17502
23670 16882
24228 24008
707 18301
33 7225
6869 4010
9286 12344
1488 18669
25431 6790
3232 11920
25206 12882
5640 1882
7201 23468
15141 12189
4604 572
10065 25282
19409 11316
12104 5252
18389 14723
25482 17011
16429 9036
8704 14050
466 20374
771 6714
4079 19781
5369 11924
12914 3145
5248 424
1861 26133
10861 24636
1716 2642
1659 14795
25682 9173
14070 7107
6464 18895
3873 17667
25515 4420
16568 19154
24471 21183
17617 11307
7387 4197
14478 12119
22125 26500
26405 15810
12000 23639
2698 12807
5675 18280
1699 19533
15532 1323
1480 16598
14189 277
1515 5333
14757 6411
5736 15744
1922 21787
24936 13671
1573 18282
23565 5158
3311 10349
18725 13203
23547 860
25691 20772
23531 1764
10233 4846
2792 19997
16901 12518
15076 13755
25776 5042
1314 4488
3604 23829
5881 22034
25198 2233
15317 2720
6043 9153
18558 5995
327 5794
19357 17419
26001 11707
10108 4690
24097 2646
4399 8338
9719 23834
2128 8747
19580 18141
5453 3525
22275 15289
4006 14604
15786 7266
8689 13775
12161 4568
12196 24806
25071 13974
11982 11084
1907 5143
5254 14002
2275 13102
9507 17012
6150 4797
22482 25803
535 18531
19655 25668
25795 12179
18092 17777
15589 5011
4227 24798
5162 5389
7400 5446
8777 26392
10902 553
3810 13305
4653 13780
23561 4638
8499 7594
12821 656
9816 5
21987 21963
4862 8275
3738 21196
22008 9897
5641 21611
21394 18357
407 20715
7890 10484
1310 6130
22526 21796
25997 4592
21598 21757
24409 12237
2917 16412
13010 12834
17481 23104
5423 18620
25304 4280
3981 907
10993 1086
2714 2587
11047 19004
4149 19578
4109 3192
22736 23653
17421 25996
10394 5634
25216 21908
1727 6372
5470 23474
3171 2681
20011 15843
8252 5889
17246 16475
26340 25593
5951 2354
24672 8899
19273 1149
15401 772
7866 13269
20620 23680
2030 14373
8529 1110
4122 23811
14747 24074
3499 18004
23823 20668
5257 22872
21560 23004
12183 24101
22570 23102
16390 21844
24934 14704
23552 22010
24062 21323
15816 2010
4858 25544
20545 3544
11513 25877
25780 3283
17436 5096
3568 4620
22303 3604
7144 16134
457 16218
5772 15612
2729 4225
3892 3048
25428 3240
4470 21249
6619 2302
13211 3309
13024 23014
20086 19342
15580 1126
7127 2566
26087 21286
1110 5212
16603 4008
7378 25941
26039 6401
23363 21450
2403 3340
16942 19544
10224 3895
13134 21336
16392 2783
4797 25361
5895 10881
18291 4687
22080 2708
9481 1676
19142 14443
8899 22418
3245 26273
974 9901
4297 21626
21702 15733
9121 14755
25212 6666
